9987895107306409722583761406839591651263097883502664579085694913672584735646268078050755787033898162
3851635610415057490359041964095884673553263919530261684661463179301839187706643728467591668156892599
6330141040012901799656539694076825055287587455736562239081743556378013892538353427286490360354600728
3964966826021460675056497923100690430264343299887746872335945585887301249267843467300830020900016678
6651454584345787699997364020439847645746600139354299392383579898062463483969336925511829019664686602
6279442040821957799564700834408556555305337613461963350698032668996060585758838763554832678346153682
0990103139340043580539112344383157633835912154751223738774441365945415222882331149643188003111404500
6317883568579750961047411699427447288270930558424410180627799767300888897317615211212293020842500527
2198762459535980797593098901695938953231210914299838896321773898147724263517841855284133016371261167
0658839302217905474262749487509861841280895145814296174621142759031302704998288041772421050959631200
4001814213624115395036702772231139623274458724828913794614398688107925087276771061120363891579094754
1320480350904785391558585110305623628364537951413598599456133056556212849572676539929306774471170727
7901193147786730742259012810756854579541355486861608171867481398281937015168386894608169576354934580
8610005539570875749918645362847370259714512369099231950809181982470266003796384365391288460190812198
6189141536593086095796850414192814987859242293059509451894369520344647502871342635806788450940007322
4449965534252852318165304319901047304786554916387874253294304554793992028630724606940317391944135120
3874821221254652647967876259581068844198434488791147821669313984470558072531419865701775265254984580
1912098672161111937242530585329411715198421196566067359353112732638400334831534147055347888515339117
1895435328364499793574807371234914735628949444846237559270892522608992586475298265640075641283938183
6382176975195749406947692345343461470861466098504546556842261035544891834497408619864664179717880985
5715014906243849966313388488477420136645094044845995828548689321058822818360917039752159134109249929
3479912613434443419878826611578897315841943302641519265105342396605021292364636840156953237465144170
6803863956801434058979883503298198252462878984215507279486225731141418230495772965586818770538153862
7732320578958591530217938520836674003694593950929105253843419518856565779006268807668209928736988472
0062092550036223471316449518667683783730908102833167115617582086.02868146066619812225685039419309341
9299414291622975036448059322295670414450711770956955219177616681415041589064279094672296986072396208
7063948236795634870746623018557048114958282482095578192803910723395274301050979340078457051105806661
4212349886547023405965369157993066068807209899962844724905388601508276917077688200380664845558002980
4541879276041747977287140277321909186258504481479839422173653020988734084296577142845704069071203097
8015915242756760292014755446073617904264128618408947230762088763440907977704940333479016536146143679
0307761558005439946187752113802905759765024347223387013892794662371995102705581210288959034159510730
2765650504716629075583120017170113935864554699246352456233483635755936552689827113976495906758233353
2172177919343788861621926774799617671315830682293572302499310488200642792231153994666438317679271879
4111477597248781619426981447233701179897013949770222800868828261802565845299551456954138430506703648
0145379572748575777839660284501770423517600776493092027104125261411372084181220037465303629546036271
9669064751624791912577577833224862079995313949350143493001054493944994679772015605599232792407012010
1742020899196924045232862423577934127125363955643515936319530702169445571541617719720905250166985951
8172071145196426274400456698358030505321134857239475066352224170903518790168426883803791088233352708
8083038077408285781510256084367879972602604978444060196088084116191987812708554911425364075334188272
3180437133489176261630855035358197056119486853901426082548054437074142773130662505412445657614170637
7112460692856692190096315057101010685689294878283007416608329679580865262696965903172293044163840036
6140627360772745155550802523388236881350174457925719660341196034344860205866078783021559729778226777
4218940165386317082011364076164609193603086491887507319118928214852551204493294468847976928500237675
9146236001119494926669901231363454957398836548828452841513143828190759758126184612643088522787423576
4452690952611904041318149147228120809260011000312330429095727198508460326859595648352911950720635024
9377173246895664654075800691021012064150795083679874678177445491801263361847008552162236793427996118
3839637842787017750082003940566140605454409616038257693999089631938901534727792362751523174551657185
4615867431576200494919201901194913274935146841188405809350771354451940173877709763648152577461943523
5017878283337520372447849020216943986283101817711906873101430360375247804582446969691414398118038558
1126443711516392615995308255313619916871676061338447179749110653466816284317273998926073059600040769
9433544993990419692048359594861801634153601306274558953175928154062097179341070472770300552395480783
0710877444192149658760591966885385432487970718557215776190834083638595392956739759159670402169699738
4314583698102595081506187905853149619268952947263609622682230666055994105509335659144277494280740793
0271142249319595944521201104496009851742710057211868864973673151748652439771036348622987149955113210
9194235352997571347917540196071142020016111286662835995409314335535847097658099594059104532647950333
2045028116618064124677029090391016151121571735493248868394631320718112094194378134603250056206018492
0713393426099798413752394508281192379441325899202628311806208584320269940426124004045681587751441695
6707259407664226870211239820723597416677295290414992829556437334453329154778381176013230226661785686
2617073454806309024328744618170278136126665838536652650036483784647987659445368391416230601356788286
6049194358090055968774301813709281485731758843005384729846209154454487740402478809312102411312672630
6881381421907962225
